p=0.15000000000000002
0.0	0.0	0.0	0.0	0.0	0.0	0.0	0.0	0.0	0.0	0.0	0.0	0.0	0.0	0.0	0.0	0.0	0.0	0.0	0.0	0.0	0.0	0.0	0.0	0.0	0.85	0.0	0.0	0.0	0.0	0.0	0.0	
mean=0.0265625
p=0.16000000000000003
0.86	0.99	0.0	0.88	0.0	0.0	0.98	0.0	0.92	0.0	0.0	0.91	0.96	0.0	0.0	0.97	0.95	0.0	0.0	0.0	0.94	0.0	0.0	0.99	0.82	0.0	0.0	0.0	0.86	0.91	0.87	0.0	
mean=0.43156249999999996
p=0.17000000000000004
0.97	0.85	0.98	0.93	0.99	0.98	0.96	0.94	0.97	0.98	0.91	0.95	0.93	0.93	0.93	0.93	1.0	0.99	0.81	0.95	0.91	0.91	0.99	0.95	0.91	0.9	0.96	0.97	0.94	0.0	0.99	0.94	
mean=0.9140624999999998
p=0.18000000000000005
0.99	0.99	0.98	0.99	1.0	0.99	0.97	0.96	1.0	0.99	0.97	0.98	0.99	0.99	0.97	1.0	0.99	0.97	0.98	0.98	0.97	0.97	0.98	0.97	0.97	1.0	0.99	0.96	0.97	0.95	0.98	0.98	
mean=0.9803124999999999
