p=0.30000000000000004
0.99	1.0	1.0	0.97	0.98	1.0	0.95	0.99	0.99	0.97	0.93	0.96	0.99	0.95	0.93	0.94	0.0	0.97	0.99	0.97	0.99	1.0	0.97	0.98	0.97	0.89	1.0	0.98	0.96	0.97	0.98	0.96	
mean=0.9412499999999998
p=0.32000000000000006
0.99	1.0	1.0	1.0	0.98	0.98	1.0	0.99	1.0	1.0	1.0	1.0	0.99	0.97	0.99	0.98	0.93	0.99	1.0	1.0	1.0	0.99	0.99	1.0	1.0	1.0	0.99	1.0	0.98	0.99	0.98	1.0	
mean=0.9909374999999999
