p=0.07500000000000001
0.0	0.0	0.0	0.0	0.0	0.0	0.0	0.0	0.0	0.0	0.0	0.0	0.0	0.0	0.0	0.0	0.0	0.0	0.0	0.0	0.0	0.0	0.0	0.0	0.0	0.0	0.0	0.0	0.0	0.0	0.0	0.0	
mean=0.0
p=0.08000000000000002
0.845	0.0	0.0	0.0	0.0	0.0	0.0	0.0	0.0	0.0	0.0	0.0	0.0	0.795	0.865	0.0	0.0	0.0	0.0	0.9	0.895	0.0	0.0	0.0	0.0	0.0	0.0	0.0	0.0	0.0	0.0	0.0	
mean=0.134375
p=0.08500000000000002
0.97	0.97	0.905	0.945	0.965	0.0	0.925	0.94	0.945	0.0	0.93	0.895	0.0	0.965	0.925	0.915	0.925	0.97	0.955	0.97	0.945	0.925	0.895	0.945	0.905	0.985	0.965	0.955	0.89	0.905	0.99	0.925	
mean=0.85140625
p=0.09000000000000002
0.96	0.97	0.96	0.985	0.97	0.97	0.99	0.99	0.975	0.965	0.95	0.96	0.96	0.97	0.95	0.975	0.95	0.975	0.945	0.955	1.0	0.98	0.94	0.945	0.96	0.96	0.96	0.945	0.96	0.98	0.955	0.99	
mean=0.9656250000000001
