p=0.48
0.0	0.0	0.0	0.0	0.0	0.0	0.0	0.0	0.0	0.0	0.0	0.0	0.0	0.0	0.0	0.0	0.0	0.0	0.0	0.0	0.0	0.0	0.0	0.0	0.0	0.0	0.0	0.0	0.0	0.0	0.0	0.0	0.0	0.0	0.0	0.0	0.0	0.0	0.0	0.0	0.0	0.0	0.0	0.0	0.0	0.0	0.0	0.0	0.0	0.0	0.0	0.0	0.0	0.0	0.0	0.0	0.0	0.0	0.0	0.0	0.0	0.0	0.0	0.0	
mean=0.0
p=0.52
0.0	0.0	0.0	0.0	0.0	0.0	0.0	0.0	0.0	0.0	0.0	0.0	0.0	0.0	0.0	0.0	0.0	0.0	0.0	0.0	0.0	0.0	0.0	0.0	0.0	0.0	0.0	0.0	0.0	0.0	0.0	0.0	0.0	1.0	0.0	0.0	0.0	0.0	0.0	0.0	0.0	0.96	0.96	0.0	0.0	0.0	0.0	0.0	0.0	0.0	0.0	0.0	0.0	0.0	0.0	0.0	0.0	0.0	0.0	0.0	0.0	0.0	0.0	0.0	
mean=0.045625
p=0.56
0.0	0.98	0.96	0.0	0.9	0.98	1.0	1.0	1.0	0.0	0.96	0.98	0.98	0.98	0.98	0.96	1.0	0.96	0.98	1.0	0.96	0.0	0.98	0.98	0.96	1.0	0.92	0.92	1.0	0.94	0.0	0.96	0.94	1.0	1.0	0.98	0.0	0.0	0.96	0.98	0.98	0.94	1.0	1.0	1.0	1.0	0.9	1.0	1.0	0.0	0.94	1.0	0.92	0.98	1.0	0.82	1.0	0.0	1.0	1.0	1.0	0.92	0.96	1.0	
mean=0.8350000000000001
p=0.6000000000000001
1.0	1.0	0.98	1.0	0.98	1.0	1.0	1.0	1.0	1.0	0.98	1.0	1.0	1.0	0.98	1.0	1.0	1.0	1.0	1.0	1.0	1.0	1.0	1.0	1.0	1.0	1.0	1.0	1.0	1.0	1.0	1.0	1.0	0.98	0.98	0.98	1.0	1.0	1.0	1.0	1.0	1.0	1.0	1.0	1.0	1.0	1.0	1.0	1.0	1.0	1.0	1.0	0.98	1.0	0.96	1.0	0.98	1.0	1.0	1.0	1.0	0.98	1.0	1.0	
mean=0.9962499999999997
